5268
8888
6559
8137
8235
5475
3147
3650
3102
3678
6517
2769
9612
5955
6567
1426
4156
9951
2699
4853
945
3521
8778
7226
4404
9981
4270
1904
8725
9251
6812
2742
9095
2962
8422
800
1828
3485
7209
4181
8310
1511
845
7021
7227
3640
6832
1941
21
363
4766
5420
8055
1428
1177
6956
5554
1075
1718
3196
9851
2922
7211
8568
3593
7203
2186
555
2355
1615
4337
2472
6599
3370
5633
1870
532
5618
1600
2314
1956
9701
9326
74
2438
613
1736
9646
6574
9075
1675
2177
9491
9067
4434
8828
5581
402
9668
146
4235
321
8590
1772
232
6188
2097
1210
4340
6287
7580
5506
8621
5694
8603
5453
1316
8665
1406
5098
716
5176
2151
4717
4404
2834
7406
9420
35
6474
4556
1162
1959
1561
7815
1204
688
6487
5038
8419
4592
7076
1437
347
5129
1198
7757
2562
4742
9145
2164
5575
4921
1226
1325
1054
4183
3638
8834
3167
2204
7210
715
4677
5613
3265
882
637
5895
1437
7721
4005
4531
5385
6396
890
8572
5893
2117
9132
7307
9882
9777
4735
8104
4191
9256
916
4017
9632
2455
9821
5495
1234
3884
1661
5353
7630
4924
8580
231
2273
2525
735
5762
119
3938
2586
6964
5634
3362
7261
259
4676
8268
8697
5634
6158
639
2868
6399
468
261
3297
820
5052
5503
7048
2460
58
3623
464
54
6403
9233
7448
2725
8918
2099
3345
3061
341
6106
6829
3855
3301
9921
503
9332
6036
347
6022
4948
1775
8038
2735
18
5816
593
2900
2755
2988
3392
4184
5410
827
2271
6293
9927
8158
1643
5239
8839
6110
9604
8263
7773
5326
3573
1837
5758
8916
7891
36
3353
679
9824
8670
9669
271
4350
6301
7656
2062
2728
9031
3849
7667
3471
4436
234
5719
9890
7269
7189
3097
7751
5297
700
761
6322
5130
2399
6712
4656
644
5368
5813
684
5803
36
4753
4902
7641
6941
7191
7327
3987
1083
1395
4835
3413
1056
8218
2414
8130
8515
9345
9087
7746
2450
1122
9051
1445
1483
9223
2203
4126
346
4541
2240
4057
603
1773
6725
7858
460
4255
2202
7731
329
1606
4714
4248
6456
3772
1349
678
4140
777
2320
437
2906
4954
5374
8780
1688
1368
9497
7305
8770
204
8840
4755
65
7906
4467
1200
8130
3406
6160
338
2964
1308
4394
9567
5035
6472
8791
230
133
8440
8036
7039
310
8480
990
2054
5381
7656
7379
318
125
3173
1383
6146
9099
371
181
7994
992
763
3495
4342
635
4806
9802
9781
8229
4675
1680
7971
3484
202
6993
9002
2977
7719
1562
1415
9670
3243
1332
6613
7794
4263
9034
8938
9300
1513
5035
6342
4628
3951
6765
9207
3148
9814
1505
5842
3069
2711
4162
5837
8691
4586
9059
1086
9285
1897
4834
5641
8114
5643
2542
7417
7990
4082
4740
2472
4245
3263
8658
4897
5746
9330
7845
5790
2287
6406
4718
7548
2186
3647
9699
7164
1172
7992
7039
1362
8742
4510
8517
438
3488
7487
5775
2797
4229
3685
6945
4080
2256
8202
1499
8385
1122
1996
4104
177
4582
9774
7583
9709
1042
7580
2775
6687
1093
3648
5614
1213
8158
5023
2402
6738
2253
6525
8732
603
1154
1154
648
2488
9811
8500
2473
2077
3132
1314
3935
9851
1953
226
7361
446
5169
5052
6136
7126
9540
5435
9638
9802
7176
7169
3485
1339
5614
5629
992
9232
714
546
1870
7824
5366
4211
9608
7323
1450
7092
9520
1985
9361
7667
8715
9490
5692
869
785
2603
2338
9583
3073
2366
6566
7888
6371
1793
1225
7260
7836
5916
452
1892
9363
8202
9358
512
1096
486
4117
1696
8536
683
7155
5409
950
3286
6574
1342
7045
1403
9006
4679
2822
4691
1636
1150
99
8757
3193
4527
5360
5673
3510
5015
3958
3134
8674
7696
4251
4007
4770
5174
5210
4215
3196
3593
3546
2655
7371
1517
5202
7031
3802
2725
4896
3106
6058
1373
8560
871
4838
5660
8127
4065
3097
184
1985
9063
6653
2881
9317
3635
7113
4602
4799
3302
1796
3008
7856
3433
475
9649
7627
1628
4672
9783
1008
2782
6334
5530
5606
8180
1461
8478
9812
2731
8022
9169
798
2122
5847
9366
1178
5668
7682
3029
8049
5600
949
6797
2638
7530
5581
1020
2182
9795
8775
9797
6455
3907
1800
8275
1645
416
9283
8683
4259
1089
9922
769
6007
2610
8023
7274
6601
9711
5849
7774
2260
7395
632
458
6826
166
6272
9657
2228
3054
2487
7361
2230
9978
4626
8528
872
4246
2034
7099
7193
7400
505
1465
9776
517
4165
4611
2518
3154
9346
9358
2995
2961
2802
4612
5696
4347
674
8317
3205
9865
8635
3897
8444
566
2578
6710
213
494
4366
6904
4506
2171
2608
7534
9765
5529
1706
4505
505
2224
3207
2572
4073
738
3098
521
7464
9148
5274
5733
3285
2843
9257
1472
902
264
724
1981
3147
2446
2911
6395
3968
286
6369
8456
185
5962
59
2437
6780
3697
3595
945
8631
7798
6379
9047
4984
4195
9390
433
7192
7068
8376
8982
8999
8030
8028
9475
4174
4786
749
4517
756
8878
7521
7982
3512
2592
2322
9009
7731
2127
1212
3976
2536
1963
3950
6163
8520
9657
2408
5860
5145
9013
932
1496
5058
2308
7986
8586
6059
4654
5709
4279
217
1150
1869
5834
3237
8654
3575
9940
8859
8147
2356
962
2680
9694
1862
200
209
9015
4844
778
1151
4846
2142
8152
8815
387
2462
7450
5350
3355
3771
2099
4047
3625
6343
6001
1117
3250
2581
8834
8599
5696
4453
8877
5273
4376
7090
140
2362
1824
8985
1635
7479
429
2612
8728
1878
7334
620
176
6858
9123
8428
6754
2404
3366
2412
5679
2696
3471
5615
1652
4500
3733
2229
1725
6488
1855
1348
1788
1930
2659
1009
9143
5712
8554
7694
5362
3264
9820
5519
7903
9180
2648
6855
6608
6268
7982
2672
9095
1776
5042
7104
3943
7046
5586
7718
9487
4583
2137
